3 0.112037 0.565672 0.064815 0.092537
3 0.171759 0.555224 0.052778 0.089552
3 0.226852 0.553731 0.055556 0.095522
3 0.281481 0.571642 0.048148 0.056716
3 0.331944 0.571642 0.049074 0.059701
3 0.383333 0.549254 0.051852 0.092537
3 0.433796 0.552239 0.045370 0.095522
3 0.479167 0.552985 0.043519 0.100000
3 0.530093 0.553731 0.049074 0.098507
3 0.576852 0.558209 0.051852 0.101493
3 0.629167 0.568657 0.050926 0.068657
3 0.681944 0.569403 0.049074 0.067164
3 0.716204 0.553731 0.069444 0.098507
3 0.759722 0.554478 0.080556 0.097015
3 0.822685 0.555970 0.084259 0.097015
3 0.877778 0.561940 0.103704 0.105970
3 0.297222 0.717910 0.216667 0.086567
3 0.509722 0.726866 0.189815 0.086567
3 0.625926 0.682836 0.037037 0.073134
3 0.729630 0.738806 0.205556 0.092537
3 0.864352 0.685075 0.067593 0.089552
