2 0.187500 0.647685 0.111111 0.036111
2 0.243750 0.633796 0.016667 0.034259
2 0.263542 0.618056 0.020139 0.030556
2 0.275347 0.604630 0.017361 0.029630
2 0.290972 0.592130 0.016667 0.026852
2 0.304861 0.581944 0.015278 0.025000
2 0.315625 0.572222 0.014583 0.024074
2 0.326389 0.562963 0.013889 0.025926
2 0.312153 0.610648 0.049306 0.052778
3 0.760764 0.662037 0.036806 0.029630
3 0.718056 0.663426 0.033333 0.028704
3 0.678472 0.662500 0.037500 0.034259
3 0.643056 0.665278 0.027778 0.032407
3 0.816319 0.879630 0.189583 0.077778
3 0.709375 0.842130 0.039583 0.067593
