3 0.812500 0.352315 0.111111 0.036111
3 0.756250 0.366204 0.016667 0.034259
3 0.736458 0.381944 0.020139 0.030556
3 0.724653 0.395370 0.017361 0.029630
3 0.709028 0.407870 0.016667 0.026852
3 0.695139 0.418056 0.015278 0.025000
3 0.684375 0.427778 0.014583 0.024074
3 0.673611 0.437037 0.013889 0.025926
3 0.687847 0.389352 0.049306 0.052778
3 0.239236 0.337963 0.036806 0.029630
3 0.281944 0.336574 0.033333 0.028704
3 0.321181 0.337500 0.036806 0.034259
3 0.356944 0.334722 0.027778 0.032407
3 0.183681 0.120370 0.189583 0.077778
3 0.290625 0.157870 0.039583 0.067593
3 0.267361 0.253241 0.116667 0.028704
