3 0.187847 0.646296 0.110417 0.038889
3 0.243750 0.633796 0.016667 0.034259
3 0.263542 0.618056 0.020139 0.030556
3 0.275347 0.604630 0.017361 0.029630
3 0.290972 0.592130 0.016667 0.026852
3 0.304861 0.581944 0.015278 0.025000
3 0.315625 0.572222 0.014583 0.024074
3 0.326389 0.562963 0.013889 0.025926
3 0.313542 0.610648 0.052083 0.052778
3 0.761111 0.659259 0.044444 0.035185
3 0.718056 0.663426 0.033333 0.028704
3 0.677083 0.659259 0.034722 0.040741
3 0.643056 0.665278 0.027778 0.032407
3 0.823958 0.875463 0.204861 0.069444
3 0.709375 0.842130 0.039583 0.067593
3 0.732986 0.749074 0.114583 0.033333
