3 0.887963 0.565672 0.064815 0.092537
3 0.828241 0.555224 0.052778 0.089552
3 0.773148 0.553731 0.055556 0.095522
3 0.718519 0.571642 0.048148 0.056716
3 0.668056 0.571642 0.049074 0.059701
3 0.616667 0.549254 0.051852 0.092537
3 0.566204 0.552239 0.045370 0.095522
3 0.520833 0.552985 0.043519 0.100000
3 0.469907 0.553731 0.049074 0.098507
3 0.423148 0.558209 0.051852 0.101493
3 0.370833 0.568657 0.050926 0.068657
3 0.318056 0.569403 0.049074 0.067164
3 0.271759 0.570149 0.045370 0.065672
3 0.222685 0.570896 0.045370 0.070149
3 0.165278 0.576119 0.069444 0.065672
3 0.097222 0.579104 0.057407 0.065672
3 0.710185 0.713433 0.201852 0.098507
3 0.489352 0.720149 0.187963 0.100000
3 0.374074 0.682836 0.037037 0.073134
3 0.143519 0.681343 0.083333 0.097015
