      0/99        0G   0.09124   0.03345   0.04488    0.1696         2       640    0.1503    0.3847    0.1357   0.05535   0.06694   0.02385   0.04032
      1/99        0G    0.0627    0.0301   0.04135    0.1342         5       640    0.2218    0.4022    0.2031     0.101   0.05051   0.02014   0.03952
      2/99        0G   0.05477   0.02753   0.03993    0.1222         9       640     0.365    0.4575    0.2836    0.1585   0.04446   0.01861   0.03747
      3/99        0G   0.04991   0.02626   0.03806    0.1142         7       640    0.3684    0.5121    0.3404     0.175   0.04222     0.017   0.03323
      4/99        0G   0.05038   0.02431   0.03455    0.1092         3       640    0.3802    0.4606    0.3279    0.1616   0.04587   0.01709   0.03001
      5/99        0G   0.04685   0.02358   0.03296    0.1034         5       640    0.3813    0.5191    0.3744    0.1748   0.04243   0.01647    0.0309
      6/99        0G   0.04629   0.02342   0.03155    0.1013         8       640    0.3649    0.3727    0.2892    0.1229   0.05073   0.01825   0.03511
      7/99        0G   0.04758   0.02437   0.03199    0.1039         2       640    0.2638    0.4379    0.2783    0.1306   0.04927   0.01927   0.03554
      8/99        0G   0.04599   0.02573   0.03137    0.1031         6       640    0.4417    0.4516    0.3615    0.1825   0.04493   0.01798   0.03071
      9/99        0G     0.044   0.02451   0.02961   0.09812         4       640    0.4443    0.4823    0.4157    0.2326   0.04139   0.01708   0.02721
     10/99        0G   0.04373   0.02417   0.02751   0.09541        16       640    0.4278      0.51    0.4262    0.2209   0.04208   0.01713    0.0275
     11/99        0G   0.04201   0.02356   0.02622   0.09178         3       640    0.5405    0.5644    0.5207    0.2602   0.04017   0.01651   0.02577
     12/99        0G   0.04152    0.0232   0.02417   0.08889         5       640    0.4426    0.5438    0.4724    0.2289   0.04224    0.0172   0.02982
     13/99        0G   0.04149   0.02365   0.02439   0.08954         6       640     0.576    0.4186    0.4371    0.2315   0.04022   0.01798   0.03329
     14/99        0G   0.04049   0.02371   0.02244   0.08664         7       640    0.4869    0.4823    0.4504    0.2553   0.03969   0.01683   0.03088
     15/99        0G   0.03939   0.02291   0.02072   0.08302         9       640    0.4882    0.4946    0.4749    0.2576   0.03937    0.0177   0.02881
     16/99        0G   0.03909   0.02362    0.0213   0.08401         4       640     0.506    0.5044    0.4821    0.2873   0.03799   0.01708   0.02539
     17/99        0G   0.03844    0.0227   0.01938   0.08052         7       640    0.5664     0.485     0.503    0.2933   0.03853   0.01686   0.02581
     18/99        0G   0.03754   0.02208   0.01832   0.07794         6       640    0.6067    0.5492    0.5667    0.3416   0.03744   0.01647   0.02262
     19/99        0G   0.03739   0.02265   0.01805   0.07809         4       640    0.7035    0.5073     0.578    0.3451   0.03612   0.01633   0.02643
     20/99        0G   0.03723   0.02158   0.01666   0.07548         5       640     0.643    0.5006    0.5609    0.3362   0.03675   0.01651     0.025
     21/99        0G   0.03712   0.02152   0.01599   0.07464         6       640    0.7736    0.5318    0.6107    0.3742   0.03721   0.01604   0.02253
     22/99        0G   0.03596    0.0214   0.01557   0.07293         3       640    0.6416    0.5208    0.5766    0.3645   0.03591    0.0158   0.02504
     23/99        0G   0.03594   0.02133    0.0152   0.07247         6       640    0.6511    0.5545    0.6189    0.3914   0.03534   0.01596   0.02024
     24/99        0G   0.03572    0.0213   0.01332   0.07035        13       640    0.7225     0.523    0.6216    0.3806   0.03461   0.01576   0.02215
     25/99        0G   0.03468   0.02097   0.01376    0.0694         5       640    0.6207    0.5522    0.5845    0.3599   0.03583   0.01621    0.0256
     26/99        0G   0.03371   0.02011   0.01398    0.0678         6       640     0.633    0.5615    0.6012    0.3759   0.03758   0.01622   0.02351
     27/99        0G   0.03427   0.02074   0.01446   0.06948        10       640    0.7146    0.5218     0.601    0.3805   0.03415    0.0156   0.02459
     28/99        0G   0.03449   0.02047   0.01315   0.06812         5       640    0.6827    0.5485    0.6195    0.3946   0.03441   0.01564   0.02732
     29/99        0G     0.033   0.01994   0.01262   0.06556         3       640    0.6125    0.6293    0.6211    0.3941   0.03421   0.01496   0.02868
     30/99        0G   0.03326   0.02028   0.01242   0.06596        10       640    0.7053    0.5784    0.6032    0.3752   0.03449   0.01598   0.02605
     31/99        0G   0.03248   0.01964   0.01291   0.06504         4       640    0.7339    0.5638    0.6172     0.403   0.03526   0.01568   0.02428
     32/99        0G   0.03377    0.0203   0.01072   0.06479         7       640    0.7747     0.529    0.6245    0.4118   0.03545   0.01543   0.02939
     33/99        0G   0.03235   0.01937   0.01096   0.06268         6       640    0.6798    0.5468     0.622    0.4083   0.03349   0.01524   0.02806
     34/99        0G   0.03223   0.01924   0.01008   0.06156         3       640    0.7288    0.6006    0.6401    0.4175   0.03377   0.01526   0.02842
     35/99        0G    0.0313    0.0193  0.009921   0.06052         8       640    0.7126    0.5746    0.6371    0.4156   0.03375   0.01556   0.02603
     36/99        0G    0.0305   0.01878  0.009824    0.0591         7       640     0.772    0.5434    0.6463     0.442   0.03282   0.01512   0.02522
     37/99        0G   0.03031   0.01878  0.009015   0.05811         6       640    0.6429    0.5781    0.6248    0.4135   0.03346   0.01524   0.02725
     38/99        0G   0.03034   0.01871  0.009099   0.05816        21       640    0.6569    0.5998    0.6208    0.3967   0.03511   0.01586   0.02941
     39/99        0G    0.0303   0.01849  0.009029   0.05781         4       640    0.7235    0.6216     0.654    0.4373   0.03356   0.01554   0.02571
     40/99        0G   0.03031   0.01823  0.008484   0.05702         7       640    0.7258    0.5838    0.6454    0.4459   0.03253   0.01562    0.0251
     41/99        0G   0.03013   0.01772  0.008261   0.05611         2       640    0.6933    0.5806    0.6307    0.4319   0.03399   0.01602    0.0234
     42/99        0G   0.02985   0.01802  0.008731    0.0566         8       640    0.7123    0.6342    0.6836    0.4616   0.03246   0.01536   0.02468
     43/99        0G   0.02951   0.01801  0.007806   0.05533        10       640    0.6927    0.5843    0.6497    0.4425   0.03255     0.015   0.02518
     44/99        0G   0.02845   0.01715  0.007832   0.05343         2       640    0.6748    0.5957    0.6413    0.4229   0.03346   0.01543   0.02781
     45/99        0G   0.02833    0.0174  0.007201   0.05293        13       640    0.6652    0.5969    0.6289    0.4302   0.03278   0.01505   0.03008
     46/99        0G   0.02772   0.01705  0.006978   0.05175         7       640    0.6771    0.6108    0.6407    0.4451   0.03221   0.01558   0.02779
     47/99        0G   0.02843    0.0168  0.007303   0.05253         4       640    0.7882    0.5607    0.6629    0.4536   0.03294   0.01488   0.02731
     48/99        0G   0.02832   0.01684  0.006557   0.05171         8       640    0.7043    0.6056    0.6458    0.4398   0.03265     0.016   0.02784
     49/99        0G   0.02721   0.01661  0.007202   0.05102        14       640    0.6711    0.6369    0.6666    0.4676   0.03182   0.01564   0.03027
     50/99        0G   0.02752   0.01689  0.006424   0.05084         3       640    0.7454    0.6025     0.668    0.4653   0.03068   0.01539   0.02734
     51/99        0G   0.02692   0.01689  0.006429   0.05024         8       640    0.7206    0.6258     0.673    0.4696   0.03156   0.01526   0.02929
     52/99        0G   0.02644   0.01663  0.006684   0.04975         4       640    0.7141    0.6251    0.6678    0.4715   0.03195   0.01532    0.0288
     53/99        0G   0.02671    0.0166   0.00628   0.04959         5       640    0.6469    0.6096      0.64    0.4509   0.03127   0.01567   0.03045
     54/99        0G    0.0269   0.01644  0.005956   0.04929        12       640    0.7354    0.5771     0.662    0.4737   0.03043    0.0157   0.02812
     55/99        0G   0.02656   0.01646  0.007061   0.05009        10       640    0.7395    0.6137    0.6741    0.4799   0.03169    0.0156   0.02726
     56/99        0G   0.02653   0.01646   0.00574   0.04873         4       640    0.7703    0.6269    0.6531    0.4552   0.03106   0.01538   0.02964
     57/99        0G   0.02567   0.01574  0.004911   0.04632         4       640    0.7782    0.5782    0.6745    0.4531   0.03114   0.01589   0.02805
     58/99        0G   0.02512   0.01546  0.005544   0.04613         2       640    0.7456    0.6098    0.6745    0.4839   0.03132   0.01578   0.02785
     59/99        0G   0.02537   0.01574  0.005823   0.04693         6       640    0.7371    0.6283    0.6682    0.4766   0.03063   0.01561   0.03196
     60/99        0G    0.0253   0.01571  0.005208   0.04622         7       640    0.6897    0.6194    0.6478    0.4528   0.03121   0.01525   0.03117
     61/99        0G   0.02524   0.01554  0.006035   0.04681         6       640    0.7116    0.6321    0.6687    0.4628    0.0312   0.01613   0.02699
     62/99        0G   0.02513   0.01573  0.005212   0.04606         9       640    0.7949    0.5654    0.6534    0.4631   0.03081   0.01555   0.02993
     63/99        0G   0.02473   0.01509  0.005013   0.04484         7       640     0.711    0.6463    0.6616    0.4631   0.03089   0.01552   0.02879
     64/99        0G   0.02427   0.01515  0.004969   0.04439         6       640    0.7127    0.6428    0.6752    0.4895   0.03022   0.01598   0.02767
     65/99        0G   0.02375   0.01479  0.005197   0.04374         6       640    0.7566    0.6042    0.6796    0.4889   0.02949   0.01569   0.02751
     66/99        0G   0.02427   0.01511  0.005109   0.04449         4       640    0.8029    0.5496    0.6626    0.4742   0.02995   0.01525   0.02984
     67/99        0G   0.02403   0.01463  0.004702   0.04336         4       640    0.7494    0.6272     0.682     0.494    0.0299   0.01607   0.02768
     68/99        0G    0.0233   0.01457  0.004607   0.04248         8       640     0.726    0.6164    0.6726    0.4772   0.02999   0.01657   0.02971
     69/99        0G   0.02395   0.01502  0.004213   0.04318        16       640    0.7142    0.6213    0.6855    0.4844   0.02958   0.01644   0.02817
     70/99        0G   0.02286    0.0143  0.004153   0.04132         6       640     0.759    0.6178    0.6931    0.4991    0.0294   0.01578   0.02955
     71/99        0G   0.02298   0.01433  0.003832   0.04114         6       640    0.7646    0.5508    0.6631    0.4867   0.02902   0.01565   0.03253
     72/99        0G   0.02281   0.01445  0.003855   0.04112         7       640    0.7445    0.6094    0.6783    0.4889   0.02997   0.01623   0.03019
     73/99        0G   0.02256   0.01406  0.003922   0.04054         7       640    0.6725    0.6511    0.6704    0.4988   0.02951   0.01665   0.02866
     74/99        0G   0.02243     0.014  0.004314   0.04074         5       640    0.6973    0.6806    0.6937    0.5037   0.02929   0.01611   0.02719
     75/99        0G   0.02238   0.01412  0.004527   0.04103         5       640    0.7224    0.6357    0.6725    0.4772   0.02961   0.01613   0.02953
     76/99        0G   0.02209   0.01409   0.00373   0.03991         8       640    0.8275    0.5806    0.6956    0.5015   0.03022   0.01599   0.02911
     77/99        0G    0.0222   0.01399  0.003595   0.03978         5       640    0.7401    0.6288    0.6799    0.4884   0.02957   0.01612   0.02716
     78/99        0G   0.02213   0.01344  0.003854   0.03942         3       640    0.6632    0.6868    0.6946    0.4983   0.02987   0.01623   0.02747
     79/99        0G   0.02173   0.01367  0.003533   0.03893         7       640    0.8169    0.5936    0.6915    0.5038   0.03019   0.01641   0.02784
     80/99        0G   0.02171   0.01375  0.003601   0.03906         7       640    0.7212    0.6502    0.6882    0.5099    0.0293   0.01638   0.02967
     81/99        0G   0.02149   0.01361  0.003697   0.03879         3       640    0.7105    0.6393     0.691    0.5095   0.02921   0.01601   0.03112
     82/99        0G   0.02201   0.01379  0.003548   0.03935         4       640    0.7481    0.6151    0.6921    0.5017   0.03008   0.01604   0.03041
     83/99        0G   0.02168   0.01363  0.003744   0.03906         9       640    0.7299    0.6442    0.6947    0.5117    0.0294   0.01618   0.02785
     84/99        0G   0.02137   0.01328  0.004045    0.0387         5       640    0.7607    0.6354    0.6863     0.507   0.02943   0.01608   0.02915
     85/99        0G   0.02075   0.01383  0.003832   0.03841         9       640    0.7281     0.642    0.6811    0.5042   0.02896   0.01549   0.03082
     86/99        0G   0.02122   0.01369  0.003235   0.03814         6       640    0.7147    0.6383    0.6857    0.4979   0.02903   0.01599   0.03098
     87/99        0G   0.02101   0.01324  0.003158    0.0374        11       640    0.7596    0.6186    0.6946    0.5096   0.02884   0.01623   0.02976
     88/99        0G   0.02041   0.01313  0.003115   0.03666         6       640    0.7544    0.6253    0.7057     0.519   0.02924   0.01623   0.02934
     89/99        0G   0.02129   0.01339  0.003364   0.03804         3       640    0.7478    0.6298    0.6959    0.4979   0.02967   0.01666   0.03273
     90/99        0G   0.02047   0.01324  0.003307   0.03702         4       640    0.7652    0.5968    0.6853    0.5063   0.02856    0.0168   0.03171
     91/99        0G   0.02039   0.01276  0.003101   0.03626         8       640    0.7403    0.6388    0.6898    0.4939   0.02873   0.01677   0.03129
     92/99        0G    0.0206   0.01288  0.003265   0.03675         4       640    0.7399    0.6089    0.6905    0.5076   0.02848   0.01648   0.03089
     93/99        0G   0.01997   0.01283  0.002901    0.0357        13       640    0.6653    0.6971    0.7076     0.515   0.02803   0.01649    0.0299
     94/99        0G   0.02026   0.01309  0.003082   0.03644         6       640    0.7489    0.6253    0.6824    0.5032    0.0282     0.017   0.03043
     95/99        0G   0.02031   0.01295  0.003054   0.03631         4       640    0.7285    0.6502    0.6953    0.5128   0.02894    0.0168   0.03043
     96/99        0G   0.02029    0.0127   0.00304   0.03603         4       640     0.746     0.631    0.6917    0.5044   0.02802   0.01659     0.032
     97/99        0G   0.02015   0.01246  0.002931   0.03554         3       640    0.7814    0.6068    0.6888    0.5092   0.02851   0.01689    0.0306
     98/99        0G   0.01932   0.01245  0.002837    0.0346         6       640    0.7731    0.6312     0.687    0.5061   0.02842   0.01734   0.03019
     99/99        0G   0.01985   0.01286  0.002891    0.0356         5       640    0.7133    0.6567    0.6668    0.4839   0.02864   0.01682    0.0322
