      0/99        0G    0.1039   0.03395   0.04684    0.1847        46       640  0.003904   0.08965    0.0022 0.0004281   0.08374   0.02555    0.0455
      1/99        0G   0.07955   0.03448    0.0433    0.1573        41       640    0.1836     0.367    0.1773   0.07214     0.064   0.02306   0.04382
      2/99        0G   0.06235   0.03035    0.0415    0.1342        47       640    0.2775    0.4717     0.237    0.1062   0.05233   0.02038   0.04254
      3/99        0G   0.05923   0.02857   0.04052    0.1283        31       640      0.18    0.5177    0.2158   0.08787   0.05111   0.01819   0.04195
      4/99        0G   0.05606   0.02657   0.03958    0.1222        50       640    0.3016    0.5229     0.288    0.1181   0.04731   0.01716   0.04151
      5/99        0G   0.05194   0.02538   0.03852    0.1158        32       640    0.2593    0.4965    0.2423   0.08819   0.04864   0.01625   0.03986
      6/99        0G   0.05004   0.02483     0.037    0.1119        50       640    0.4316    0.5187    0.4078    0.1676   0.04518   0.01574    0.0379
      7/99        0G   0.04882   0.02309   0.03513     0.107        45       640    0.4785    0.5041    0.3993    0.2036   0.04511   0.01526   0.03631
      8/99        0G   0.04778   0.02247   0.03368    0.1039        37       640    0.3628    0.5094    0.3427     0.166   0.04258    0.0151   0.03759
      9/99        0G   0.05061   0.02168   0.03108    0.1034        32       640    0.3481     0.524    0.3377    0.1592   0.04838   0.01489   0.03625
     10/99        0G   0.04803   0.02033   0.03083    0.0992        54       640    0.4667    0.5357    0.3885    0.1789    0.0428   0.01495   0.03585
     11/99        0G   0.04517    0.0209   0.02902   0.09508        40       640    0.3984    0.5503    0.4022    0.1976   0.04235   0.01479   0.03601
     12/99        0G   0.04519   0.02067   0.02786   0.09372        45       640    0.4834    0.4989    0.4114    0.2179   0.04282    0.0147   0.03577
     13/99        0G   0.04367   0.02068   0.02815   0.09249        39       640    0.4085    0.3573    0.2959    0.1483   0.04387   0.01676   0.03589
     14/99        0G   0.04269   0.02062   0.02892   0.09224        44       640    0.3517    0.4111    0.2963     0.115   0.05416   0.01531   0.03697
     15/99        0G   0.04549   0.02063   0.02635   0.09248        53       640     0.422    0.5413    0.4149    0.2029   0.04034   0.01534   0.03166
     16/99        0G   0.04406   0.02037   0.02602   0.09045        37       640    0.5603     0.473     0.397    0.2031   0.04591   0.01638   0.03854
     17/99        0G   0.04274   0.02067   0.02619    0.0896        41       640    0.4074    0.4799     0.393    0.1804    0.0461   0.01802   0.03536
     18/99        0G   0.04292    0.0211   0.02603   0.09004        57       640    0.4473     0.503    0.4119    0.1946   0.04408   0.01587   0.03132
     19/99        0G   0.04324   0.02166   0.02348   0.08837        44       640    0.3902    0.5022    0.3869    0.2001   0.04038    0.0165   0.03295
     20/99        0G   0.03986   0.02123   0.02241    0.0835        28       640    0.4287     0.474    0.3647    0.1797   0.04379   0.01703   0.04301
     21/99        0G   0.03955   0.02072   0.02126   0.08153        48       640    0.5575    0.3231    0.4049    0.2136   0.04309   0.01653   0.03751
     22/99        0G    0.0382   0.02106   0.02015   0.07941        35       640    0.3854    0.5086    0.3878    0.2108    0.0411    0.0165   0.03532
     23/99        0G   0.03788   0.02191     0.019   0.07879        42       640    0.5122    0.4288    0.4468    0.2259   0.04142   0.01594   0.03378
     24/99        0G   0.03924   0.02069   0.01931   0.07923        45       640    0.5177    0.4558    0.4333    0.2482   0.04181   0.01638   0.03337
     25/99        0G   0.03732   0.02007   0.01933   0.07672        36       640    0.4572    0.5449    0.4234     0.231    0.0422   0.01605   0.03712
     26/99        0G   0.03728   0.02059   0.01855   0.07642        42       640    0.5689    0.5035    0.4761    0.2577   0.03924   0.01665   0.03802
     27/99        0G   0.03724    0.0211   0.01842   0.07676        44       640    0.4188    0.4735    0.4248    0.2407   0.03897   0.01648   0.03326
     28/99        0G   0.03675   0.01968   0.01769   0.07411        52       640    0.5163    0.3947    0.3905    0.2152   0.03888   0.01547   0.04075
     29/99        0G   0.03487   0.01917   0.01696     0.071        38       640    0.4064    0.5471     0.446    0.2694   0.03748   0.01682   0.03645
     30/99        0G   0.03554   0.02077   0.01466   0.07098        39       640    0.5511    0.4355    0.4377     0.248   0.03832   0.01643   0.04011
     31/99        0G   0.03468   0.01932   0.01523   0.06923        43       640     0.585    0.4079    0.4393     0.238   0.03655   0.01586   0.03996
     32/99        0G   0.03428   0.01887   0.01437   0.06752        59       640    0.5587    0.4828    0.4628    0.2679   0.03669   0.01617   0.03737
     33/99        0G    0.0339   0.01958    0.0154   0.06888        38       640    0.4136    0.5823    0.4587    0.2516   0.03858   0.01595   0.03406
     34/99        0G   0.03355   0.01828   0.01446   0.06629        42       640    0.5282    0.4879    0.4519    0.2472   0.03859   0.01889   0.03213
     35/99        0G   0.03282    0.0187   0.01462   0.06614        30       640    0.5352     0.466    0.4312    0.2572   0.03625   0.01712   0.03935
     36/99        0G   0.03283   0.01832   0.01323   0.06438        41       640    0.5819    0.4804    0.4681     0.281   0.03573   0.01678    0.0395
     37/99        0G   0.03233    0.0181   0.01302   0.06345        42       640     0.469    0.5604      0.47    0.2767   0.03526   0.01617    0.0362
     38/99        0G   0.03197    0.0185    0.0132   0.06367        39       640    0.4652    0.4654    0.4405    0.2591   0.03575    0.0158   0.03746
     39/99        0G   0.03164   0.01816    0.0116   0.06141        41       640    0.5956    0.4078    0.4511    0.2668   0.03748   0.01655   0.03407
     40/99        0G   0.03163   0.01796   0.01185   0.06144        41       640    0.5457    0.4872    0.4704    0.2623   0.03779   0.01629   0.03528
     41/99        0G   0.03115   0.01713   0.01217   0.06044        42       640    0.5932    0.5265    0.5171    0.3112   0.03603   0.01439   0.03834
     42/99        0G   0.03056   0.01749   0.01122   0.05927        48       640    0.5613    0.5325    0.4716    0.2765   0.03539   0.01548   0.04489
     43/99        0G   0.03054   0.01772  0.009926   0.05819        49       640    0.6759     0.465     0.538    0.3192    0.0355   0.01604   0.03698
     44/99        0G   0.03051   0.01702  0.009311   0.05685        42       640    0.5806    0.5327    0.5319     0.327   0.03427   0.01569   0.03568
     45/99        0G   0.02879   0.01714    0.0106   0.05653        58       640     0.638    0.4737     0.514    0.2832    0.0382    0.0167   0.03786
     46/99        0G   0.02966   0.01653  0.009624   0.05582        32       640    0.6822    0.4558    0.5281    0.3306   0.03548   0.01536   0.03279
     47/99        0G   0.02897   0.01661  0.009246   0.05483        38       640    0.5902    0.5097    0.5054    0.3139   0.03569   0.01645   0.03172
     48/99        0G   0.02913   0.01612  0.008772   0.05402        58       640    0.6289      0.45    0.4968    0.2982   0.03518   0.01544     0.041
     49/99        0G   0.02902    0.0161   0.00901   0.05413        44       640    0.5722    0.5048    0.4787    0.2915   0.03511   0.01602   0.04223
     50/99        0G   0.02769   0.01617  0.009007   0.05287        34       640    0.6043     0.489     0.516     0.321   0.03513   0.01573   0.03756
     51/99        0G   0.02772   0.01579  0.007807   0.05131        55       640    0.4884    0.5682    0.4833    0.3041   0.03495   0.01529   0.04694
     52/99        0G   0.02786   0.01597  0.008553   0.05239        65       640    0.5495     0.566    0.5223    0.3201   0.03445   0.01583   0.03473
     53/99        0G   0.02758   0.01575  0.008963    0.0523        42       640    0.6447    0.5005    0.5131    0.3032   0.03549   0.01597   0.03956
     54/99        0G    0.0272   0.01634  0.008521   0.05206        36       640    0.5921    0.4631    0.4952    0.2988    0.0352    0.0155   0.05035
     55/99        0G   0.02724   0.01609  0.008241   0.05157        49       640    0.5778    0.5923    0.5502    0.3311   0.03465    0.0155   0.03679
     56/99        0G   0.02705   0.01538  0.008747   0.05118        44       640    0.7086    0.4902     0.528    0.3196   0.03334   0.01444    0.0389
     57/99        0G    0.0268   0.01524  0.008244   0.05029        37       640    0.6341    0.4791     0.509    0.3315   0.03359   0.01597   0.03824
     58/99        0G   0.02641   0.01572  0.007447   0.04959        42       640    0.6864    0.4714    0.5305    0.3341   0.03363   0.01688   0.03904
     59/99        0G   0.02545   0.01474  0.007417   0.04761        37       640    0.5726    0.5147    0.5262    0.3365   0.03418   0.01678   0.03788
     60/99        0G   0.02628   0.01574  0.006792   0.04882        41       640    0.6795    0.4673    0.5259    0.3319   0.03467   0.01517   0.04026
     61/99        0G   0.02541   0.01426  0.006881   0.04655        54       640    0.6158    0.4937    0.5445    0.3405    0.0338   0.01496   0.04253
     62/99        0G   0.02548   0.01488  0.007276   0.04764        37       640     0.594    0.4992    0.5268    0.3267   0.03509   0.01631   0.03945
     63/99        0G   0.02459   0.01469  0.006826   0.04611        54       640    0.5684    0.5299    0.5111    0.3348   0.03474   0.01657   0.03986
     64/99        0G   0.02405   0.01488  0.006807   0.04574        61       640    0.6667    0.4788    0.5184    0.3097   0.03601   0.01728   0.03694
     65/99        0G   0.02393   0.01463   0.00717   0.04573        35       640    0.5822    0.5009     0.525    0.3368   0.03462   0.01643   0.03653
     66/99        0G   0.02329   0.01412  0.006143   0.04355        42       640    0.6114    0.5502    0.5444    0.3384   0.03416   0.01706   0.03862
     67/99        0G   0.02358   0.01448  0.005512   0.04357        41       640    0.6773    0.4898     0.526      0.32    0.0347    0.0171   0.04399
     68/99        0G   0.02337   0.01408  0.005841   0.04329        40       640    0.5879    0.5564    0.5191    0.3373   0.03369   0.01639   0.04908
     69/99        0G   0.02369   0.01381  0.005634   0.04314        44       640     0.694    0.5108    0.5478    0.3562   0.03397   0.01606   0.04079
     70/99        0G   0.02299   0.01349  0.006004   0.04248        36       640    0.6506    0.5149    0.5382    0.3447   0.03407   0.01692   0.04443
     71/99        0G   0.02335   0.01414  0.005502   0.04299        54       640     0.614    0.5276    0.5279    0.3443   0.03325    0.0165   0.04646
     72/99        0G   0.02294   0.01342  0.006172   0.04254        37       640     0.627    0.4843     0.516    0.3079   0.03567   0.01806   0.04111
     73/99        0G   0.02245   0.01334  0.005213     0.041        36       640    0.5654    0.5692    0.5471    0.3498    0.0334   0.01741   0.03961
     74/99        0G   0.02213    0.0129  0.005601   0.04063        54       640    0.5197    0.6284    0.5601    0.3591   0.03301   0.01723   0.04121
     75/99        0G   0.02126    0.0128  0.005386   0.03944        40       640    0.6329    0.5534    0.5507    0.3515   0.03391    0.0175   0.03867
     76/99        0G   0.02307   0.01445  0.005865   0.04339        55       640    0.6778    0.5024    0.5418     0.343   0.03462   0.01641   0.04354
     77/99        0G   0.02176   0.01321  0.005072   0.04004        48       640    0.5736    0.5691    0.5142    0.3291   0.03451   0.01779   0.04157
     78/99        0G   0.02141   0.01323  0.004513   0.03915        37       640    0.6192    0.5064    0.4964    0.3181   0.03348   0.01699   0.04681
     79/99        0G   0.02129   0.01263  0.004179    0.0381        40       640    0.6457    0.5147    0.5292    0.3233   0.03338   0.01734   0.04256
     80/99        0G   0.02073    0.0128  0.004234   0.03777        44       640    0.6779    0.5286    0.5488    0.3391   0.03362   0.01682   0.04201
     81/99        0G   0.02102   0.01324  0.004742   0.03899        44       640    0.6753    0.5286    0.5434    0.3502   0.03339   0.01692   0.04384
     82/99        0G   0.02104    0.0133  0.004894   0.03924        42       640    0.6423    0.5389    0.5312    0.3307   0.03422   0.01779   0.05003
     83/99        0G   0.02087   0.01241  0.004856   0.03813        56       640    0.6292    0.5602    0.5378    0.3483    0.0337   0.01819   0.04488
     84/99        0G   0.02009   0.01262   0.00405   0.03676        42       640    0.6384    0.5747    0.5547    0.3635   0.03345   0.01772   0.04078
     85/99        0G   0.02046   0.01282  0.005169   0.03845        49       640     0.621    0.5683    0.5468    0.3436   0.03409   0.01867    0.0449
     86/99        0G   0.02021   0.01303  0.004335   0.03757        50       640    0.6812    0.5281    0.5576    0.3486    0.0346   0.01873   0.04353
     87/99        0G   0.02087   0.01296  0.004648   0.03848        48       640    0.6924    0.5075    0.5445    0.3496    0.0328   0.01748   0.04416
     88/99        0G   0.02053   0.01269  0.003873   0.03709        45       640    0.5811     0.556    0.5336    0.3426   0.03319   0.01739   0.04892
     89/99        0G   0.02025   0.01258  0.004139   0.03698        74       640    0.6039    0.5798    0.5336    0.3411    0.0339   0.01792    0.0506
     90/99        0G   0.02001    0.0124   0.00406   0.03647        36       640    0.6526    0.5201    0.5228    0.3391   0.03356   0.01789   0.04885
     91/99        0G   0.02009   0.01227  0.004385   0.03674        39       640    0.6336    0.5228    0.5444    0.3477   0.03326   0.01724   0.04831
     92/99        0G   0.01998    0.0122  0.004244   0.03642        45       640    0.7336     0.479    0.5461     0.345   0.03353   0.01826   0.04477
     93/99        0G   0.01957   0.01254  0.004156   0.03626        36       640     0.647    0.5185     0.525     0.339    0.0337   0.01818   0.04844
     94/99        0G   0.01991   0.01258  0.004376   0.03687        33       640    0.5828    0.5092    0.5183    0.3239   0.03369   0.01875    0.0479
     95/99        0G     0.019   0.01215  0.004027   0.03517        45       640    0.5514    0.5444     0.525     0.336   0.03356   0.01804   0.05151
     96/99        0G   0.01981   0.01268  0.004026   0.03651        45       640    0.5134    0.5929    0.5275    0.3343   0.03335   0.01837   0.04794
     97/99        0G   0.01959   0.01243  0.003824   0.03584        44       640    0.5662    0.6041    0.5506     0.357   0.03319   0.01765    0.0458
     98/99        0G   0.01935   0.01204  0.004133   0.03552        46       640    0.5992      0.57    0.5359    0.3462   0.03389   0.01873   0.04856
     99/99        0G   0.01918   0.01187  0.003903   0.03496        41       640    0.6187    0.5623    0.5588    0.3516    0.0337   0.01759   0.04517
