0 0.040278 0.375822 0.078704 0.103618
0 0.068056 0.257401 0.093519 0.047697
0 0.087963 0.324836 0.024074 0.050987
0 0.168981 0.259046 0.087963 0.050987
0 0.269907 0.259868 0.082407 0.049342
0 0.328704 0.246711 0.031481 0.046053
0 0.376852 0.263158 0.044444 0.055921
0 0.460185 0.316612 0.059259 0.074013
0 0.302315 0.852796 0.071296 0.113487
0 0.340278 0.753289 0.032407 0.105263
0 0.374537 0.671875 0.067593 0.116776
0 0.558796 0.300164 0.013889 0.057566
0 0.534259 0.382401 0.020370 0.074013
0 0.549537 0.606086 0.041667 0.113487
0 0.644444 0.864309 0.124074 0.192434
0 0.836111 0.421875 0.027778 0.070724
0 0.705556 0.240954 0.024074 0.047697
0 0.713889 0.125822 0.022222 0.041118
